### BGPS_V2_reject_emaf.txt ###
# Objects from the BGPS V2 catalog that do not meet the by-eye EMAF selection
#   criteria as laid out in Ellsworth-Bowers et al. (2013, ApJ, 770, 39).
#
# This file read in by OMNI_GENERATE_EMAF.pro to cull objects from the EMAF
#   list used by PROB_EMAF.pro to compute prior DPDFs.
#----------------------------------------------------------------------------
# By-eye rejection from new GRSMATCH objects
2961
3085
3116
3207
3223
3250
3308
3336
3382
3388
3563
3580
3598
3616
3675
3680
3712
3749
3763
3764
3804
3831
3857
3884
3948
3951
3993
4004
4012
4045
4049
4066
4091
4102
4134
4141
4142
4152
4155
4162
4166
4173
4192
4199
4206
4212
4215
4225
4237
4261
4287
4312
4328
4334
4348
4393
4395
4403
4415
4469
4507
4527
4531
4560
4610
4618
4632
4638
4653
4657
4674
4681
4691
4726
4736
4737
4739
4749
4750
4760
4785
4794
4815
4830
4834
4835
4844
4848
4849
4851
4859
4867
4889
4894
4903
4908
4952
4983
5008
5051
5098
5126
5165
5174
5182
5198
5201
5222
5234
5240
5247
5251
5441
5477
5484
5498
5521
5547
5556
5582
5607
5630
5631
5637
5640
5672
5690
5691
5782
5806
5809
5814
5840
5884
5966
5981
6010
6026
6082
6105
6175
6198
6205
6215
6250
6255
6319
6368
6371
6385
6418
6461
6465
6471
6540
6552
6584
6754
6806
6862
6863
6875
6883
6933
6942
6973
# By-eye rejection from V1 rejection list ported to V2
2340
2343
2376
2379
2433
2452
2521
2585
2590
2618
2622
2675
2739
2761
2775
2799
2840
2877
2878
2888
2913
2919
2931
2938
2954
3029
3060
3092
3106
3127
3134
3183
3186
3241
3437
3447
3460
3461
3489
3516
3530
3547
3550
3619
3631
3644
3656
3667
3670
3714
3754
3771
3787
3795
3815
3821
3843
3860
3883
3903
3904
3920
3930
4005
4026
4047
4064
4070
4101
4172
4182
4188
4191
4211
4231
4233
4252
4283
4308
4309
4321
4323
4330
4399
4404
4424
4438
4496
4497
4543
4545
4547
4549
4605
4615
4622
4636
4666
4669
4688
4777
4796
4817
4898
4910
4942
4954
4957
4993
4994
5000
5030
5045
5050
5057
5091
5095
5096
5127
5162
5225
5227
5228
5231
5249
5268
5275
5280
5315
5322
5345
5369
5411
5417
5422
5431
5448
5455
5465
5468
5486
5525
5534
5546
5612
5627
5669
5692
5707
5709
5754
5787
5837
5848
5863
5901
5908
5918
5986
6001
6009
6025
6034
6045
6103
6122
6164
6168
6251
6269
6309
6313
6342
6349
6380
6407
6430
6433
6470
6486
6515
6523
6620
6647
6648
6670
6722
6733
6737
6744
6746
6758
6785
6805
6832
6845
6859
6861
6869
6876
6890
6902
6919
6940
6972
6975
7007
# By-eye rejection list from final look-through of remaining sources
2279
2387
2434
2584
2747
2776
2789
2837
2857
2902
2971
2973
3074
3136
3152
3188
3205
3219
3233
3240
3294
3298
3424
3449
3524
3528
3538
3545
3554
3568
3591
3710
3744
3819
3823
3895
3977
4001
4046
4099
4195
4240
4278
4282
4294
4349
4366
4394
4406
4443
4450
4516
4546
4579
4588
4668
4708
4788
4798
4914
4941
4968
4976
4987
5024
5059
5081
5085
5107
5168
5191
5194
5219
5248
5262
5312
5337
5482
5491
5583
5622
5717
5733
5758
5760
5818
5830
5861
5955
6071
6097
6224
6284
6297
6326
6336
6348
6412
6438
6456
6530
6578
6581
6583
6585
6704
6763
6767
6823
6882
6892
6951
6952
6957
